sz=4   1      235   0.492      0.664        0.580
sz=5   1      209   0.446      0.670        0.528
sz=6   1      148   0.326      0.716        0.472
sz=7   1      167   0.350      0.719        0.438
sz=8   1      217   0.487      0.733        0.648
sz=9   1      225   0.505      0.729        0.668
sz=10   1      205   0.479      0.732        0.684
sz=12   1      203   0.469      0.729        0.668
sz=14   1      227   0.523      0.731        0.715
sz=16   1      206   0.487      0.733        0.715
sz=18   1      234   0.541      0.752        0.731
sz=22   1      221   0.521      0.747        0.715
sz=26   1      212   0.508      0.755        0.723
sz=30   1      237   0.531      0.705        0.728
GAPCURVE-DONE
